Model evaluated for 2021. Score: 0, Loss: 0.00, Acc: 0.00%
RND64			RND32			SWT16			E8			FF			CH
Michigan: 0.57, 0.43 :TX Southern
			Michigan: 0.46, 0.54 :LSU
LSU: 0.58, 0.42 :St Bonaventure
						Michigan: 0.60, 0.40 :Florida St
Colorado: 0.52, 0.48 :Georgetown
			Florida St: 0.44, 0.56 :Georgetown
Florida St: 0.52, 0.48 :UNC Greensboro
									Michigan: 0.48, 0.52 :Texas
BYU: 0.42, 0.58 :UCLA
			Texas: 0.57, 0.43 :UCLA
Texas: 0.55, 0.45 :Abilene Chr
						Alabama: 0.50, 0.50 :Texas
Connecticut: 0.46, 0.54 :Maryland
			Alabama: 0.50, 0.50 :Connecticut
Alabama: 0.50, 0.50 :Iona
												Texas: 0.42, 0.58 :Gonzaga
Gonzaga: 0.61, 0.39 :Appalachian St
			Gonzaga: 0.60, 0.40 :Oklahoma
Oklahoma: 0.41, 0.59 :Missouri
						Gonzaga: 0.55, 0.45 :Virginia
Creighton: 0.52, 0.48 :UC Santa Barbara
			Virginia: 0.56, 0.44 :Creighton
Virginia: 0.65, 0.35 :Ohio
									Gonzaga: 0.52, 0.48 :Iowa
USC: 0.40, 0.60 :Wichita St
			Kansas: 0.65, 0.35 :USC
Kansas: 0.74, 0.26 :E Washington
						Iowa: 0.57, 0.43 :Kansas
Oregon: 0.50, 0.50 :VCU
			Iowa: 0.64, 0.36 :Oregon
Iowa: 0.53, 0.47 :Grand Canyon
															Gonzaga: 0.63, 0.37 :Baylor
Illinois: 0.54, 0.46 :Drexel
			Illinois: 0.55, 0.45 :Georgia Tech
Loyola-Chicago: 0.52, 0.48 :Georgia Tech
						Illinois: 0.36, 0.64 :Tennessee
Tennessee: 0.65, 0.35 :Oregon St
			Oklahoma St: 0.35, 0.65 :Tennessee
Oklahoma St: 0.62, 0.38 :Liberty
									Illinois: 0.27, 0.73 :Houston
San Diego St: 0.51, 0.49 :Syracuse
			West Virginia: 0.43, 0.57 :San Diego St
West Virginia: 0.53, 0.47 :Morehead St
						Houston: 0.69, 0.31 :West Virginia
Clemson: 0.55, 0.45 :Rutgers
			Houston: 0.65, 0.35 :Clemson
Houston: 0.69, 0.31 :Cleveland St
												Houston: 0.47, 0.53 :Baylor
Baylor: 0.64, 0.36 :Hartford
			Baylor: 0.54, 0.46 :Wisconsin
North Carolina: 0.44, 0.56 :Wisconsin
						Baylor: 0.50, 0.50 :Villanova
Villanova: 0.63, 0.37 :Winthrop
			Purdue: 0.40, 0.60 :Villanova
Purdue: 0.54, 0.46 :North Texas
									Baylor: 0.56, 0.44 :Texas Tech
Texas Tech: 0.46, 0.54 :Utah St
			Arkansas: 0.56, 0.44 :Texas Tech
Arkansas: 0.56, 0.44 :Colgate
						Virginia Tech: 0.63, 0.37 :Texas Tech
Florida: 0.28, 0.72 :Virginia Tech
			Ohio St: 0.43, 0.57 :Virginia Tech
Ohio St: 0.67, 0.33 :Oral Roberts
decision_function_shape: ovr
break_ties: False
kernel: rbf
degree: 3
gamma: scale
coef0: 0.0
tol: 0.001
C: 0.0
nu: 0.5
epsilon: 0.0
shrinking: True
probability: True
cache_size: 200
class_weight: None
verbose: False
max_iter: -1
random_state: None
_sparse: False
n_features_in_: 30
class_weight_: [1. 1.]
classes_: [False  True]
_gamma: 0.03333333333333333
support_: [  0   6   7  11  19  22  24  25  26  28  29  32  36  43  48  52  54  55
  59  60  61  62  67  69  72  73  74  76  83  84  85  90  91  93  98 101
 102 110 111 117 118 119 123 128 131 134 138 141 144 156 157 158 164 165
 170 171 172 175 176 179 181 185 186 188 189 190 192 196 198 205 219 222
 223 228 230 233 236 241 242 246 247 249 252 254 255 257 260 261 263 266
 276 279 283 285 287 288 289 290 293 294 300 305 306 307 311 313 315 317
 318 321 326 328 330 332 335 337 339 340 341 342 343 344 346 348 349 350
 351 352 354 355 362 363 364 366 368 370 371 373 375 376 377 378 385 388
 390 391 392 393 397 401 402 403 404 405 408 411 414 417 420 421 422 423
 425 431 434 436 442 443 445 446 450 452 458 461 464 465 466 467 470 473
 476 483 486 487 488 489 490 492 494 498 499 502 503 506 508 510 511 514
 518 519 520 521 523 526 530 531 532 536 538 539 541 544 546 547 550 551
 552 557 558 563 565 567 572 574 575 576 577 578 579 582 583 586 587 588
 592 593 594 595 607 610 611 613 617 618 620 621 622 624 627 628 634 636
 640 646 648 650 652 656 657 660 661 666 668 669 673 678 680 681 682 684
 685 689 691 694 695 696 698 699 703 709 710 712 713 717 718 719 720 723
 728 730 731 732 733 734 737 742 743 748 749 754 757 760 761 762 767 772
 775 776 778 781 782 784 785 786 787 789 790 795 796 797 798 801 803   1
   3   4   8   9  10  14  16  17  18  27  30  31  33  34  35  37  38  41
  42  44  46  49  50  51  57  58  66  75  77  80  81  82  86  88  96  99
 100 103 105 107 108 109 112 113 115 122 124 125 127 129 133 135 136 137
 140 143 147 148 149 150 153 154 155 160 161 162 166 167 169 177 178 182
 183 184 187 193 195 197 200 203 206 208 209 210 211 213 214 215 216 217
 218 220 221 224 225 226 229 231 232 237 238 239 243 244 250 251 256 258
 259 262 267 268 271 273 274 275 277 278 281 282 284 286 291 295 296 298
 301 303 304 308 310 312 314 319 320 322 323 325 338 345 347 353 358 361
 365 367 369 374 379 380 381 382 383 386 387 389 394 395 396 398 399 400
 406 407 410 412 413 415 416 418 427 428 429 430 432 433 438 439 441 444
 447 449 451 453 454 455 456 460 463 468 469 471 474 475 477 478 479 480
 481 482 484 491 495 496 497 500 504 505 507 509 512 515 516 517 522 524
 525 528 529 533 535 537 542 543 545 549 553 554 556 562 564 566 570 571
 573 580 585 589 591 596 597 598 600 602 603 605 606 608 609 614 615 619
 626 629 633 635 637 639 641 643 644 645 649 653 654 655 658 659 663 667
 671 672 676 677 683 686 687 688 690 693 697 700 701 702 704 705 706 708
 715 716 722 724 726 727 729 736 738 739 741 744 745 746 750 751 752 753
 758 759 763 764 766 768 770 771 773 777 783 792 793 794 799 802]
support_vectors_: [[-0.16554722  0.37510546 -0.2396887  ...  0.16248212 -1.1950816
  -0.74414513]
 [-0.02882535 -0.68455496  0.76808028 ... -1.33765495  1.06145599
   1.3204965 ]
 [-0.83553863  1.48576712  0.15822258 ... -0.13535563  0.59694914
  -0.19007104]
 ...
 [-1.56298822  0.81945678 -0.0717717  ... -0.94768306  0.16058405
   0.78045799]
 [-0.01744951  2.16749118 -0.04503252 ...  0.81165989 -0.04869026
   0.68416893]
 [ 0.32869102  1.09658626 -0.67687008 ...  0.54515124  2.41895898
   1.18104596]]
_n_support: [323 323]
dual_coef_: [[-1.11229692 -2.34421999 -1.80324639 -1.88376005 -4.87297736 -4.87297736
  -4.87297736 -4.87297736 -4.87297736 -0.87624548 -4.87297736 -0.75026665
  -2.37919175 -4.87297736 -2.79514584 -3.99529564 -4.87297736 -4.87297736
  -1.05123379 -4.87297736 -4.87297736 -1.75443223 -2.58972463 -1.72181211
  -0.30820583 -4.87297736 -3.3784161  -2.60324417 -2.73315621 -0.18841754
  -4.87297736 -4.87297736 -2.37563033 -4.27749137 -4.87297736 -1.25612634
  -4.87297736 -4.3469227  -0.95039283 -4.87297736 -1.30917929 -4.87297736
  -3.03177716 -2.10318797 -1.68361884 -4.87297736 -4.87297736 -0.73884251
  -4.21499813 -2.62422143 -4.87297736 -3.02791545 -2.11450015 -4.87297736
  -4.87297736 -0.37256974 -0.15103238 -4.73366347 -0.91476449 -0.14816553
  -4.87297736 -1.99631116 -0.79565263 -1.52854409 -0.10312957 -4.87297736
  -3.02797301 -0.05990571 -3.57328308 -4.87297736 -4.87297736 -2.34544998
  -4.87297736 -4.87297736 -3.05757557 -0.38334366 -3.38171458 -4.87297736
  -2.22436412 -4.4567365  -4.87297736 -4.87297736 -2.50524232 -3.93588048
  -2.55705242 -4.87297736 -2.69128349 -3.00958839 -1.67864131 -4.87297736
  -3.55400041 -4.87297736 -4.87297736 -4.87297736 -3.4834951  -1.86216232
  -0.74553224 -1.73586618 -2.22189865 -4.24123677 -4.87297736 -2.39659042
  -4.87297736 -0.73306635 -3.47322881 -1.40713006 -3.41335583 -3.37516893
  -1.13749325 -4.87297736 -0.93448823 -0.67300822 -0.98039408 -3.94350618
  -0.75730675 -4.13912035 -4.87297736 -1.17368246 -4.87297736 -4.87297736
  -0.99841223 -4.87297736 -3.8532735  -4.87297736 -4.87297736 -3.1571217
  -4.87297736 -4.87297736 -0.88511839 -4.87297736 -2.79794484 -0.64079223
  -3.21824477 -4.87297736 -0.08734036 -4.87297736 -2.13705224 -0.53605256
  -3.05533545 -3.4165183  -0.18998469 -4.87297736 -4.87297736 -2.9052907
  -3.49294927 -3.31581426 -2.27895795 -0.94854767 -1.29275978 -2.60974967
  -1.68389629 -3.7054847  -1.44716294 -1.46906417 -0.70799205 -4.87297736
  -4.87297736 -4.59379903 -3.76813852 -1.08562739 -1.72844991 -0.8886131
  -4.87297736 -3.51627812 -3.86892711 -0.29598795 -4.87297736 -4.87297736
  -4.50736616 -4.87297736 -4.87297736 -1.29566056 -4.87297736 -2.022901
  -4.87297736 -4.87297736 -4.87297736 -4.87297736 -4.87297736 -4.87297736
  -3.71720737 -0.26019352 -0.6782917  -1.49254003 -0.59503638 -3.2172781
  -2.2558722  -2.91319521 -0.96833858 -0.34386839 -0.82913085 -0.23496282
  -4.87297736 -4.66716905 -4.76654223 -0.92153583 -3.39922172 -4.87297736
  -1.72778502 -1.49791635 -4.87297736 -4.05495212 -1.12477983 -0.69390983
  -0.03932407 -4.87297736 -1.0357893  -0.30982393 -4.87297736 -2.27391318
  -1.56923859 -4.87297736 -4.64783375 -4.87297736 -1.78395495 -1.64723564
  -0.76505471 -0.67813459 -0.19377555 -4.87297736 -4.87297736 -4.87297736
  -3.93655816 -2.56890126 -4.87297736 -3.30566279 -1.02757967 -2.18858449
  -4.87297736 -3.49575876 -4.87297736 -4.87297736 -3.36812632 -3.30973359
  -4.87297736 -1.9799076  -4.87297736 -1.4998716  -4.87297736 -2.46278983
  -2.72391726 -4.84255426 -4.87297736 -3.99235628 -1.27095478 -4.87297736
  -4.87297736 -4.87297736 -0.81782722 -4.87297736 -0.7761037  -4.87297736
  -4.87297736 -0.65603381 -4.87297736 -4.87297736 -1.20602111 -1.39085121
  -3.79434835 -4.87297736 -4.87297736 -1.57276038 -4.87297736 -4.87297736
  -0.71860118 -1.8230304  -0.1643531  -1.38058287 -2.22152641 -4.87297736
  -0.96040219 -0.07899231 -4.87297736 -1.03273013 -1.36406948 -4.79417913
  -1.18153184 -3.7580226  -2.12312065 -1.17726655 -4.87297736 -4.87297736
  -2.45619811 -2.74104141 -4.87297736 -4.87297736 -4.87297736 -1.79380899
  -2.41804644 -1.61523691 -4.87297736 -0.16431723 -1.50949944 -3.21848473
  -0.40575322 -4.87297736 -4.21386178 -4.75230958 -1.31902707 -4.87297736
  -1.07339676 -4.87297736 -4.87297736 -1.39097081 -0.32495719 -0.91207903
  -3.84772338 -4.87297736 -4.87297736 -0.466235   -3.4295489  -2.39343331
  -3.00932466 -1.81197065 -4.87297736 -1.17374903 -4.87297736 -1.61053954
  -0.13297532 -1.99618554 -1.45597052 -1.14553705 -3.03108479  4.87297736
   4.87297736  1.2570523   0.40695153  4.87297736  3.03243555  0.6698957
   3.51985411  4.87297736  3.93454525  4.87297736  3.99531655  3.30736249
   0.19324549  1.51648777  4.87297736  1.20646119  0.74466952  4.87297736
   0.73241403  1.12642025  0.32622039  3.41768768  1.39221369  4.87297736
   1.32640519  4.66381123  4.87297736  2.7467473   4.87297736  0.23297135
   2.13450578  1.67624496  1.76191014  1.07533104  0.37053509  4.87297736
   3.850884    4.87297736  4.87297736  0.47011613  4.87297736  0.95831269
   0.1257684   0.06442428  0.72123779  0.53189037  2.37260683  1.6014203
   1.27720634  4.87297736  3.14536362  1.1614049   2.22877856  2.89390283
   4.87297736  4.87297736  4.87297736  4.87297736  1.03191236  4.87297736
   2.12830373  3.41396256  1.36440867  4.87297736  4.87297736  1.82371936
   4.87297736  4.87297736  3.5040158   4.87297736  3.76695466  4.87297736
   3.99215939  1.72028769  4.87297736  1.1849683   4.87297736  1.78417807
   4.87297736  0.08296397  0.91720688  3.22733727  1.50651595  4.87297736
   0.972829    0.07815759  1.3949385   4.87297736  3.37939666  4.87297736
   2.60558972  0.79461064  0.91460112  3.31493854  3.56990157  4.87297736
   4.87297736  4.87297736  4.06528897  4.87297736  1.99337164  1.13335257
   0.38133758  0.77767607  4.87297736  4.87297736  4.87297736  4.87297736
   4.87297736  4.77595213  1.81095671  4.87297736  3.03043345  4.13856061
   4.21566198  4.25336758  4.87297736  4.87297736  4.87297736  4.87297736
   1.87774536  4.60301064  4.79964187  1.5131615   2.72673239  2.90699241
   0.16526647  0.10718723  1.40673081  1.46793775  0.59830065  1.03604126
   1.57938572  2.46547233  1.80693004  0.68340657  0.76023239  3.3669323
   1.45187053  4.87297736  4.87297736  1.99651153  3.8410652   3.23316862
   1.64592001  3.05137437  0.74999518  3.47863381  1.50126783  0.95612777
   0.30414651  1.16957764  4.87297736  4.87297736  3.21310403  3.01959061
   2.18234289  1.67622846  3.37639444  4.87297736  0.97970932  4.87297736
   2.5676195   1.7243819   1.44673234  2.79278991  4.87297736  0.29868882
   4.87297736  4.87297736  4.87297736  4.20431156  3.31522771  2.68963749
   0.82007858  4.87297736  4.87297736  3.39769632  4.87297736  4.87297736
   2.34378641  1.63342331  4.87297736  3.9311827   1.8677467   4.87297736
   0.19025119  0.88021722  1.3792919   4.87297736  0.83367652  0.14217509
   1.02527139  2.45859802  2.22417411  4.87297736  1.80183404  4.72389074
   4.87297736  4.65770758  4.87297736  2.50180302  2.59720202  4.87297736
   0.25865081  4.87297736  2.22309216  3.94292449  2.41987811  4.87297736
   4.87297736  4.87297736  3.54432798  4.87297736  2.10443743  4.87297736
   0.89305664  2.27386295  4.87297736  3.7210961   4.87297736  4.87297736
   2.33676956  1.28712919  3.05309931  2.11055814  4.87297736  4.87297736
   2.61114161  1.50062742  0.67508541  4.87297736  3.76404702  4.87297736
   2.72308788  4.87297736  4.87297736  4.36020167  0.32045516  1.17849003
   4.87297736  0.19270628  4.87297736  3.44847151  4.87297736  3.4308606
   2.02032088  0.68757522  3.01648685  3.37176923  4.87297736  1.56931929
   4.87297736  0.69297946  4.87297736  4.87297736  4.87297736  1.29034052
   4.87297736  3.00459488  2.55445312  2.26427012  1.11090531  2.37202542
   0.93358776  1.68058394  4.87297736  0.99977949  4.87297736  4.74482551
   4.87297736  1.18038264  2.6178259   1.73663591  4.87297736  4.87297736
   2.40174783  4.87297736  3.03659874  4.87297736  4.87297736  0.15962588
   1.311217    0.88402328  4.52447842  3.48761835  2.79732774  4.87297736
   4.28586412  4.87297736  3.69396945  4.87297736  4.87297736  2.28439111
   4.87297736  2.40526276  4.87297736  0.76094125  4.44899952  1.71896855
   4.87297736  0.03105396  3.8705963   4.87297736  4.87297736  3.79026672
   4.87297736  4.83114475  0.94905213  4.87297736  4.87297736  1.04758082
   1.97257751  1.0823843   0.66751225  0.34603259  0.73124783  0.92391382
   4.87297736  4.87297736  0.63895797  0.14757145]]
intercept_: [-2.61561905e-05]
_probA: [-0.59394292]
_probB: [0.00142872]
fit_status_: 0
shape_fit_: (804, 30)
_intercept_: [2.61561905e-05]
_dual_coef_: [[ 1.11229692  2.34421999  1.80324639  1.88376005  4.87297736  4.87297736
   4.87297736  4.87297736  4.87297736  0.87624548  4.87297736  0.75026665
   2.37919175  4.87297736  2.79514584  3.99529564  4.87297736  4.87297736
   1.05123379  4.87297736  4.87297736  1.75443223  2.58972463  1.72181211
   0.30820583  4.87297736  3.3784161   2.60324417  2.73315621  0.18841754
   4.87297736  4.87297736  2.37563033  4.27749137  4.87297736  1.25612634
   4.87297736  4.3469227   0.95039283  4.87297736  1.30917929  4.87297736
   3.03177716  2.10318797  1.68361884  4.87297736  4.87297736  0.73884251
   4.21499813  2.62422143  4.87297736  3.02791545  2.11450015  4.87297736
   4.87297736  0.37256974  0.15103238  4.73366347  0.91476449  0.14816553
   4.87297736  1.99631116  0.79565263  1.52854409  0.10312957  4.87297736
   3.02797301  0.05990571  3.57328308  4.87297736  4.87297736  2.34544998
   4.87297736  4.87297736  3.05757557  0.38334366  3.38171458  4.87297736
   2.22436412  4.4567365   4.87297736  4.87297736  2.50524232  3.93588048
   2.55705242  4.87297736  2.69128349  3.00958839  1.67864131  4.87297736
   3.55400041  4.87297736  4.87297736  4.87297736  3.4834951   1.86216232
   0.74553224  1.73586618  2.22189865  4.24123677  4.87297736  2.39659042
   4.87297736  0.73306635  3.47322881  1.40713006  3.41335583  3.37516893
   1.13749325  4.87297736  0.93448823  0.67300822  0.98039408  3.94350618
   0.75730675  4.13912035  4.87297736  1.17368246  4.87297736  4.87297736
   0.99841223  4.87297736  3.8532735   4.87297736  4.87297736  3.1571217
   4.87297736  4.87297736  0.88511839  4.87297736  2.79794484  0.64079223
   3.21824477  4.87297736  0.08734036  4.87297736  2.13705224  0.53605256
   3.05533545  3.4165183   0.18998469  4.87297736  4.87297736  2.9052907
   3.49294927  3.31581426  2.27895795  0.94854767  1.29275978  2.60974967
   1.68389629  3.7054847   1.44716294  1.46906417  0.70799205  4.87297736
   4.87297736  4.59379903  3.76813852  1.08562739  1.72844991  0.8886131
   4.87297736  3.51627812  3.86892711  0.29598795  4.87297736  4.87297736
   4.50736616  4.87297736  4.87297736  1.29566056  4.87297736  2.022901
   4.87297736  4.87297736  4.87297736  4.87297736  4.87297736  4.87297736
   3.71720737  0.26019352  0.6782917   1.49254003  0.59503638  3.2172781
   2.2558722   2.91319521  0.96833858  0.34386839  0.82913085  0.23496282
   4.87297736  4.66716905  4.76654223  0.92153583  3.39922172  4.87297736
   1.72778502  1.49791635  4.87297736  4.05495212  1.12477983  0.69390983
   0.03932407  4.87297736  1.0357893   0.30982393  4.87297736  2.27391318
   1.56923859  4.87297736  4.64783375  4.87297736  1.78395495  1.64723564
   0.76505471  0.67813459  0.19377555  4.87297736  4.87297736  4.87297736
   3.93655816  2.56890126  4.87297736  3.30566279  1.02757967  2.18858449
   4.87297736  3.49575876  4.87297736  4.87297736  3.36812632  3.30973359
   4.87297736  1.9799076   4.87297736  1.4998716   4.87297736  2.46278983
   2.72391726  4.84255426  4.87297736  3.99235628  1.27095478  4.87297736
   4.87297736  4.87297736  0.81782722  4.87297736  0.7761037   4.87297736
   4.87297736  0.65603381  4.87297736  4.87297736  1.20602111  1.39085121
   3.79434835  4.87297736  4.87297736  1.57276038  4.87297736  4.87297736
   0.71860118  1.8230304   0.1643531   1.38058287  2.22152641  4.87297736
   0.96040219  0.07899231  4.87297736  1.03273013  1.36406948  4.79417913
   1.18153184  3.7580226   2.12312065  1.17726655  4.87297736  4.87297736
   2.45619811  2.74104141  4.87297736  4.87297736  4.87297736  1.79380899
   2.41804644  1.61523691  4.87297736  0.16431723  1.50949944  3.21848473
   0.40575322  4.87297736  4.21386178  4.75230958  1.31902707  4.87297736
   1.07339676  4.87297736  4.87297736  1.39097081  0.32495719  0.91207903
   3.84772338  4.87297736  4.87297736  0.466235    3.4295489   2.39343331
   3.00932466  1.81197065  4.87297736  1.17374903  4.87297736  1.61053954
   0.13297532  1.99618554  1.45597052  1.14553705  3.03108479 -4.87297736
  -4.87297736 -1.2570523  -0.40695153 -4.87297736 -3.03243555 -0.6698957
  -3.51985411 -4.87297736 -3.93454525 -4.87297736 -3.99531655 -3.30736249
  -0.19324549 -1.51648777 -4.87297736 -1.20646119 -0.74466952 -4.87297736
  -0.73241403 -1.12642025 -0.32622039 -3.41768768 -1.39221369 -4.87297736
  -1.32640519 -4.66381123 -4.87297736 -2.7467473  -4.87297736 -0.23297135
  -2.13450578 -1.67624496 -1.76191014 -1.07533104 -0.37053509 -4.87297736
  -3.850884   -4.87297736 -4.87297736 -0.47011613 -4.87297736 -0.95831269
  -0.1257684  -0.06442428 -0.72123779 -0.53189037 -2.37260683 -1.6014203
  -1.27720634 -4.87297736 -3.14536362 -1.1614049  -2.22877856 -2.89390283
  -4.87297736 -4.87297736 -4.87297736 -4.87297736 -1.03191236 -4.87297736
  -2.12830373 -3.41396256 -1.36440867 -4.87297736 -4.87297736 -1.82371936
  -4.87297736 -4.87297736 -3.5040158  -4.87297736 -3.76695466 -4.87297736
  -3.99215939 -1.72028769 -4.87297736 -1.1849683  -4.87297736 -1.78417807
  -4.87297736 -0.08296397 -0.91720688 -3.22733727 -1.50651595 -4.87297736
  -0.972829   -0.07815759 -1.3949385  -4.87297736 -3.37939666 -4.87297736
  -2.60558972 -0.79461064 -0.91460112 -3.31493854 -3.56990157 -4.87297736
  -4.87297736 -4.87297736 -4.06528897 -4.87297736 -1.99337164 -1.13335257
  -0.38133758 -0.77767607 -4.87297736 -4.87297736 -4.87297736 -4.87297736
  -4.87297736 -4.77595213 -1.81095671 -4.87297736 -3.03043345 -4.13856061
  -4.21566198 -4.25336758 -4.87297736 -4.87297736 -4.87297736 -4.87297736
  -1.87774536 -4.60301064 -4.79964187 -1.5131615  -2.72673239 -2.90699241
  -0.16526647 -0.10718723 -1.40673081 -1.46793775 -0.59830065 -1.03604126
  -1.57938572 -2.46547233 -1.80693004 -0.68340657 -0.76023239 -3.3669323
  -1.45187053 -4.87297736 -4.87297736 -1.99651153 -3.8410652  -3.23316862
  -1.64592001 -3.05137437 -0.74999518 -3.47863381 -1.50126783 -0.95612777
  -0.30414651 -1.16957764 -4.87297736 -4.87297736 -3.21310403 -3.01959061
  -2.18234289 -1.67622846 -3.37639444 -4.87297736 -0.97970932 -4.87297736
  -2.5676195  -1.7243819  -1.44673234 -2.79278991 -4.87297736 -0.29868882
  -4.87297736 -4.87297736 -4.87297736 -4.20431156 -3.31522771 -2.68963749
  -0.82007858 -4.87297736 -4.87297736 -3.39769632 -4.87297736 -4.87297736
  -2.34378641 -1.63342331 -4.87297736 -3.9311827  -1.8677467  -4.87297736
  -0.19025119 -0.88021722 -1.3792919  -4.87297736 -0.83367652 -0.14217509
  -1.02527139 -2.45859802 -2.22417411 -4.87297736 -1.80183404 -4.72389074
  -4.87297736 -4.65770758 -4.87297736 -2.50180302 -2.59720202 -4.87297736
  -0.25865081 -4.87297736 -2.22309216 -3.94292449 -2.41987811 -4.87297736
  -4.87297736 -4.87297736 -3.54432798 -4.87297736 -2.10443743 -4.87297736
  -0.89305664 -2.27386295 -4.87297736 -3.7210961  -4.87297736 -4.87297736
  -2.33676956 -1.28712919 -3.05309931 -2.11055814 -4.87297736 -4.87297736
  -2.61114161 -1.50062742 -0.67508541 -4.87297736 -3.76404702 -4.87297736
  -2.72308788 -4.87297736 -4.87297736 -4.36020167 -0.32045516 -1.17849003
  -4.87297736 -0.19270628 -4.87297736 -3.44847151 -4.87297736 -3.4308606
  -2.02032088 -0.68757522 -3.01648685 -3.37176923 -4.87297736 -1.56931929
  -4.87297736 -0.69297946 -4.87297736 -4.87297736 -4.87297736 -1.29034052
  -4.87297736 -3.00459488 -2.55445312 -2.26427012 -1.11090531 -2.37202542
  -0.93358776 -1.68058394 -4.87297736 -0.99977949 -4.87297736 -4.74482551
  -4.87297736 -1.18038264 -2.6178259  -1.73663591 -4.87297736 -4.87297736
  -2.40174783 -4.87297736 -3.03659874 -4.87297736 -4.87297736 -0.15962588
  -1.311217   -0.88402328 -4.52447842 -3.48761835 -2.79732774 -4.87297736
  -4.28586412 -4.87297736 -3.69396945 -4.87297736 -4.87297736 -2.28439111
  -4.87297736 -2.40526276 -4.87297736 -0.76094125 -4.44899952 -1.71896855
  -4.87297736 -0.03105396 -3.8705963  -4.87297736 -4.87297736 -3.79026672
  -4.87297736 -4.83114475 -0.94905213 -4.87297736 -4.87297736 -1.04758082
  -1.97257751 -1.0823843  -0.66751225 -0.34603259 -0.73124783 -0.92391382
  -4.87297736 -4.87297736 -0.63895797 -0.14757145]]


Scores for validation years:
		ESPN		LogLoss		Acc.
2018		1110		0.68			0.62
2019		700		0.66			0.62
