Model evaluated for 2021. Score: 0, Loss: 0.00, Acc: 0.00%
RND64			RND32			SWT16			E8			FF			CH
Michigan: 0.60, 0.40 :TX Southern
			Michigan: 0.36, 0.64 :LSU
LSU: 0.63, 0.37 :St Bonaventure
						LSU: 0.71, 0.29 :Florida St
Colorado: 0.58, 0.42 :Georgetown
			Florida St: 0.37, 0.63 :Colorado
Florida St: 0.60, 0.40 :UNC Greensboro
									LSU: 0.54, 0.46 :Alabama
BYU: 0.39, 0.61 :UCLA
			Texas: 0.52, 0.48 :UCLA
Texas: 0.51, 0.49 :Abilene Chr
						Alabama: 0.45, 0.55 :Texas
Connecticut: 0.46, 0.54 :Maryland
			Alabama: 0.47, 0.53 :Connecticut
Alabama: 0.51, 0.49 :Iona
												Alabama: 0.45, 0.55 :Gonzaga
Gonzaga: 0.70, 0.30 :Appalachian St
			Gonzaga: 0.74, 0.26 :Oklahoma
Oklahoma: 0.43, 0.57 :Missouri
						Gonzaga: 0.74, 0.26 :Creighton
Creighton: 0.73, 0.27 :UC Santa Barbara
			Virginia: 0.58, 0.42 :Creighton
Virginia: 0.78, 0.22 :Ohio
									Gonzaga: 0.69, 0.31 :Iowa
USC: 0.51, 0.49 :Wichita St
			Kansas: 0.61, 0.39 :Wichita St
Kansas: 0.76, 0.24 :E Washington
						Iowa: 0.65, 0.35 :Kansas
Oregon: 0.48, 0.52 :VCU
			Iowa: 0.69, 0.31 :VCU
Iowa: 0.64, 0.36 :Grand Canyon
															Gonzaga: 0.81, 0.19 :Baylor
Illinois: 0.56, 0.44 :Drexel
			Illinois: 0.66, 0.34 :Loyola-Chicago
Loyola-Chicago: 0.55, 0.45 :Georgia Tech
						Illinois: 0.54, 0.46 :Oklahoma St
Tennessee: 0.72, 0.28 :Oregon St
			Oklahoma St: 0.33, 0.67 :Tennessee
Oklahoma St: 0.51, 0.49 :Liberty
									Illinois: 0.29, 0.71 :Houston
San Diego St: 0.72, 0.28 :Syracuse
			West Virginia: 0.25, 0.75 :San Diego St
West Virginia: 0.66, 0.34 :Morehead St
						Houston: 0.58, 0.42 :San Diego St
Clemson: 0.49, 0.51 :Rutgers
			Houston: 0.80, 0.20 :Rutgers
Houston: 0.83, 0.17 :Cleveland St
												Houston: 0.54, 0.46 :Baylor
Baylor: 0.61, 0.39 :Hartford
			Baylor: 0.48, 0.52 :Wisconsin
North Carolina: 0.34, 0.66 :Wisconsin
						Baylor: 0.45, 0.55 :Villanova
Villanova: 0.65, 0.35 :Winthrop
			Purdue: 0.37, 0.63 :Villanova
Purdue: 0.40, 0.60 :North Texas
									Baylor: 0.47, 0.53 :Virginia Tech
Texas Tech: 0.35, 0.65 :Utah St
			Arkansas: 0.44, 0.56 :Utah St
Arkansas: 0.72, 0.28 :Colgate
						Virginia Tech: 0.73, 0.27 :Arkansas
Florida: 0.20, 0.80 :Virginia Tech
			Ohio St: 0.45, 0.55 :Virginia Tech
Ohio St: 0.76, 0.24 :Oral Roberts
decision_function_shape: ovr
break_ties: False
kernel: rbf
degree: 3
gamma: scale
coef0: 0.0
tol: 0.001
C: 0.0
nu: 0.5
epsilon: 0.0
shrinking: True
probability: True
cache_size: 200
class_weight: None
verbose: False
max_iter: -1
random_state: None
_sparse: False
n_features_in_: 83
class_weight_: [1. 1.]
classes_: [False  True]
_gamma: 0.012048192771084338
support_: [  1   4   6   8  11  14  15  17  20  21  24  25  26  27  28  37  39  40
  42  43  44  45  47  49  51  54  57  62  63  65  66  67  69  72  77  80
  81  85  86  90  94  95  96  97  98 102 103 106 110 112 117 118 125 126
 127 128 131 133 141 142 145 146 154 157 160 161 166 168 169 173 176 178
 182 187 189 196 197 198 202 204 205 209 211 212 213 215 218 219 225 226
 235 237 238 239 245 247 254 258 264 265 270 275 278 279 283 287 290 291
 292 296 297 298 303 305 306 312 314 315 316 317 322 323 324 327 328 330
 337 341 344 349 354 360 362 365 366 367 371 376 377 378 379 382 384 386
 387 388 390 393 398 401 403 405 406 408 409 410 414 416 423 429 433 434
 440 443 444 448 449 457 459 461 472 475 481 483 484 486 488 491 496 497
 498 499 500 503 508 509 511 524 525 526 527 530 539 540 541 542 549 550
 552 559 562 563 564 565 567 570 571 573 579 584 587 588 592 594 597 602
 603 607 610 613 615 616 619 623 625 626 627 631 634 635 637 641 647 649
 651 652 653 654 656 657 658 660 662 664 666 668 669 671 673 676 680 687
 691 695 697 698 702 703 711 712 714 715 716 718 722 724 725 726 729 734
 735 739 741 743 745 750 751 753 755 756 761 762 765 770 771 772 773 775
 781 783 786 791 795 796 798 799 800 801 803   0   2   3   5   9  10  12
  16  18  19  22  23  29  30  32  36  38  41  46  48  50  52  53  64  68
  73  74  75  76  83  84  88  93  99 100 101 104 116 123 124 132 134 136
 138 147 148 151 152 159 162 165 167 170 171 172 174 175 179 180 183 185
 186 188 190 192 195 199 203 210 214 217 220 221 222 224 227 230 232 243
 244 246 248 250 251 255 256 257 259 261 263 267 269 273 277 280 281 282
 284 286 289 293 294 295 302 309 311 313 319 320 321 325 329 331 335 336
 338 342 343 345 346 347 348 350 353 358 359 361 363 364 368 369 373 374
 375 381 385 391 392 394 396 397 402 407 411 412 415 417 418 420 421 422
 427 428 430 431 432 435 436 438 439 441 446 447 450 451 454 455 456 458
 463 465 467 468 469 470 471 473 474 476 479 492 494 495 501 502 504 505
 506 512 513 514 516 519 520 522 528 529 531 534 536 538 543 544 548 551
 555 556 557 558 560 561 566 569 572 575 576 577 578 581 582 586 589 591
 595 598 599 600 611 614 617 618 620 622 624 628 629 630 633 636 638 640
 643 644 646 648 650 655 663 665 670 674 675 678 681 683 684 685 686 690
 692 693 699 700 701 706 707 708 709 710 717 721 723 727 732 733 736 738
 740 742 744 747 748 749 754 758 759 764 767 768 776 777 780 782 785 787
 789 793 794 802]
support_vectors_: [[ 0.06810557  0.05951966 -1.75001434 ...  0.04903376 -0.07706435
   0.23469311]
 [-0.61626656  1.19980146  0.78783878 ...  0.07714497 -0.06632829
   0.31940719]
 [-0.17913854  0.05564655  0.10626028 ... -0.00730897 -0.12165883
   0.53141554]
 ...
 [-0.42895781  0.25540205  0.02519159 ...  0.30919311  0.01586849
   0.10015629]
 [ 0.28136983 -0.50655475 -0.4731636  ... -0.08564306  0.01511285
  -0.02342274]
 [-0.04736548 -0.29900934  1.2857638  ...  0.51787889  0.08098124
  -0.49347718]]
_n_support: [299 299]
dual_coef_: [[-3.81903047 -4.03963646 -4.96227175 -6.77281902 -2.15438789 -6.77281902
  -3.31742325 -6.77281902 -4.93181717 -1.91233983 -6.77281902 -2.68720957
  -2.60783374 -6.77281902 -1.24372256 -4.85328551 -6.77281902 -5.29625221
  -6.77281902 -2.117275   -6.77281902 -6.77281902 -6.77281902 -6.77281902
  -6.77281902 -6.77281902 -1.51442353 -6.77281902 -4.35929152 -6.77281902
  -6.77281902 -6.77281902 -3.58927251 -6.77281902 -6.77281902 -2.11822884
  -5.91051268 -3.27475066 -6.77281902 -2.33887375 -1.98533467 -1.72559773
  -4.65897039 -5.32361191 -6.77281902 -0.40221755 -1.47104126 -6.77281902
  -6.77281902 -1.08882173 -6.77281902 -6.77281902 -6.77281902 -6.77281902
  -6.77281902 -3.66560426 -6.77281902 -6.77281902 -4.94870464 -1.3350124
  -1.43035447 -1.41378614 -3.29379721 -1.16011855 -6.77281902 -3.21303927
  -2.13875992 -1.74050604 -0.45091689 -1.86880307 -1.19225004 -6.77281902
  -0.91423311 -2.42841854 -6.77281902 -6.77281902 -3.56191908 -3.63040259
  -6.77281902 -4.91406109 -5.40510722 -6.77281902 -0.43342772 -6.77281902
  -6.77281902 -3.19588137 -6.77281902 -6.77281902 -6.77281902 -3.64241115
  -0.35164058 -2.85969088 -1.2765402  -1.01475789 -6.77281902 -6.77281902
  -1.63172974 -2.8252736  -6.77281902 -0.94386568 -3.27401299 -6.77281902
  -6.77281902 -6.77281902 -1.50452079 -2.89838449 -6.77281902 -5.53121904
  -6.77281902 -6.77281902 -6.77281902 -3.30766255 -3.6621479  -6.77281902
  -1.09864312 -4.75236041 -0.89215723 -6.77281902 -6.77281902 -6.77281902
  -5.89799463 -6.77281902 -6.77281902 -0.51747079 -6.77281902 -6.77281902
  -6.77281902 -2.04673741 -0.23757138 -6.77281902 -4.88039836 -0.80847023
  -6.77281902 -6.05574165 -6.77281902 -0.81191025 -6.77281902 -6.77281902
  -1.62827633 -1.46349291 -6.77281902 -4.8372758  -3.17896414 -6.77281902
  -1.11725361 -6.77281902 -6.77281902 -6.77281902 -6.77281902 -3.36629607
  -4.02864563 -6.77281902 -6.77281902 -6.77281902 -5.30144197 -4.66681806
  -1.20673727 -1.38217972 -6.77281902 -6.77281902 -6.77281902 -6.77281902
  -1.18365505 -2.70539342 -2.62797964 -6.77281902 -6.77281902 -6.77281902
  -1.86165599 -0.73006519 -4.60292745 -2.95663999 -6.77281902 -6.77281902
  -3.05732194 -6.77281902 -6.77281902 -6.77281902 -1.82677963 -6.77281902
  -2.1123585  -6.77281902 -6.77281902 -6.77281902 -6.77281902 -6.77281902
  -0.99307141 -2.79935231 -3.11673567 -6.77281902 -3.42781774 -0.29329639
  -6.77281902 -0.61825297 -6.77281902 -6.77281902 -3.84869263 -6.77281902
  -0.13207501 -0.50721909 -6.77281902 -0.6116768  -6.77281902 -0.01531548
  -6.77281902 -6.77281902 -6.22979039 -4.62425101 -3.77138537 -6.77281902
  -6.77281902 -6.77281902 -5.4451333  -6.77281902 -6.77281902 -0.6975129
  -3.21742072 -0.64914115 -1.67744924 -1.89510714 -2.01680341 -6.77281902
  -2.00786592 -6.77281902 -0.60008179 -6.77281902 -6.26497974 -0.96323505
  -0.73733137 -6.77281902 -6.77281902 -6.77281902 -6.77281902 -6.77281902
  -4.95301758 -1.06113703 -0.30797723 -5.20453375 -6.77281902 -5.87953022
  -6.77281902 -0.76858428 -6.77281902 -6.77281902 -0.32624246 -6.77281902
  -2.89401415 -3.10926399 -0.46145718 -6.77281902 -3.48622081 -0.73446485
  -5.64397911 -6.77281902 -0.42719392 -6.77281902 -6.77281902 -3.23803096
  -0.50274868 -6.77281902 -3.84794045 -0.60960406 -6.77281902 -6.77281902
  -2.13423627 -1.95810286 -6.77281902 -6.77281902 -3.608577   -3.29805576
  -6.77281902 -2.66759302 -2.57624253 -4.71840909 -6.77281902 -2.331384
  -6.77281902 -6.77281902 -1.74642296 -6.77281902 -6.77281902 -2.01309985
  -0.43868729 -6.77281902 -0.81904254 -4.26033717 -6.77281902 -5.2796053
  -0.75038028 -6.77281902 -6.77281902 -5.96658915 -5.90451872 -6.77281902
  -3.25003661 -1.80565575 -1.84879198 -0.54524843 -6.77281902  3.28477973
   0.35320495  6.77281902  0.23596814  3.26445787  6.77281902  0.64834356
   6.77281902  3.22306766  0.74209575  4.89654814  0.73058819  0.40034373
   6.77281902  2.3341751   0.92770389  6.77281902  6.77281902  0.66240867
   6.77281902  0.16692343  6.77281902  6.77281902  6.77281902  6.77281902
   1.27974251  6.77281902  1.83831519  6.77281902  0.73986183  3.05468964
   6.77281902  0.6085991   6.05864463  3.21497183  6.77281902  2.1292515
   6.25673239  2.99572666  6.77281902  3.20185301  6.77281902  6.249538
   6.77281902  6.77281902  1.05961807  6.77281902  6.77281902  6.77281902
   6.76614893  1.01126561  4.66768522  5.9003723   2.82590264  6.77281902
   3.20117982  6.77281902  6.77281902  6.77281902  3.52393253  3.91581237
   6.77281902  4.85130705  6.77281902  6.77281902  2.04490784  6.77281902
   0.62232748  5.44908663  0.31187037  6.77281902  2.69381253  4.88000206
   6.77281902  5.5337373   3.31888404  0.28539582  0.44233418  6.77281902
   6.77281902  6.77281902  2.59531555  6.77281902  6.77281902  6.77281902
   6.77281902  6.77281902  6.77281902  6.77281902  6.77281902  6.77281902
   6.77281902  1.11800877  1.46784967  6.77281902  5.31418484  1.96798122
   6.77281902  6.77281902  6.77281902  2.12027052  6.77281902  6.77281902
   6.77281902  6.77281902  6.77281902  3.20290708  6.77281902  6.77281902
   6.77281902  6.77281902  6.77281902  6.77281902  1.19126636  2.59081305
   6.77281902  4.2539683   6.77281902  1.09796019  3.26764026  0.47088
   2.1605831   4.37307918  6.77281902  2.8958643   1.36980393  5.30473239
   6.77281902  0.74578682  6.77281902  6.77281902  1.16384793  6.77281902
   5.90684802  6.77281902  1.36855245  6.77281902  6.77281902  4.92821492
   0.00785772  6.77281902  6.77281902  6.77281902  0.91287806  5.27631914
   2.01499051  5.2803741   1.73435336  6.77281902  6.77281902  6.77281902
   1.74866135  3.63261519  2.1665911   6.77281902  3.30617895  3.63077085
   0.9654934   6.77281902  6.77281902  6.77281902  6.77281902  0.79320809
   6.77281902  6.77281902  6.77281902  6.77281902  3.58599325  1.64834263
   6.77281902  2.10384692  4.04138229  2.79767329  1.86404528  6.77281902
   1.82918726  2.89423724  6.77281902  1.67927151  1.18484209  6.77281902
   2.03826242  0.54152104  4.92401594  6.77281902  1.90938675  6.77281902
   4.97050337  3.41894571  1.71322208  1.94545731  6.77281902  4.60970167
   1.08821375  6.77281902  6.77281902  6.77281902  6.77281902  2.06452616
   6.77281902  4.65712779  6.77281902  6.77281902  6.77281902  6.77281902
   1.21475588  1.51488176  3.58844891  1.85243877  6.77281902  6.77281902
   3.05861189  2.44551564  3.11258048  3.61232097  6.77281902  6.77281902
   6.77281902  3.28316428  6.77281902  4.63101347  6.77281902  4.82526152
   5.65746367  0.51518784  6.77281902  6.77281902  6.77281902  4.59059889
   2.64457339  6.77281902  0.80577263  2.85917021  0.61134018  3.56455024
   0.42782717  6.77281902  6.77281902  0.67509314  2.70551209  5.43047538
   6.77281902  6.77281902  5.86575507  5.90494882  1.35058007  2.57816399
   2.30639233  6.77281902  1.63407256  6.77281902  6.77281902  6.77281902
   6.77281902  1.43336026  0.50219133  6.77281902  0.33021494  1.46614711
   0.76682243  4.03806784  6.77281902  3.30134226  1.24944708  3.86854924
   6.77281902  6.77281902  1.87112629  1.51324532  6.77281902  3.37508077
   0.99970939  4.75299655  6.77281902  6.77281902  0.80850177  0.44918129
   3.84646709  0.88519888  6.77281902  6.77281902  5.98080843  3.66698107
   6.77281902  6.77281902  6.77281902  0.51153549  1.86211795  6.77281902
   5.22593565  3.81775511  6.77281902  2.10777782  6.77281902  0.42356923
   6.77281902  4.93370319  6.77281902  6.77281902]]
intercept_: [-8.71832121e-05]
_probA: [-0.77716469]
_probB: [0.01932382]
fit_status_: 0
shape_fit_: (804, 83)
_intercept_: [8.71832121e-05]
_dual_coef_: [[ 3.81903047  4.03963646  4.96227175  6.77281902  2.15438789  6.77281902
   3.31742325  6.77281902  4.93181717  1.91233983  6.77281902  2.68720957
   2.60783374  6.77281902  1.24372256  4.85328551  6.77281902  5.29625221
   6.77281902  2.117275    6.77281902  6.77281902  6.77281902  6.77281902
   6.77281902  6.77281902  1.51442353  6.77281902  4.35929152  6.77281902
   6.77281902  6.77281902  3.58927251  6.77281902  6.77281902  2.11822884
   5.91051268  3.27475066  6.77281902  2.33887375  1.98533467  1.72559773
   4.65897039  5.32361191  6.77281902  0.40221755  1.47104126  6.77281902
   6.77281902  1.08882173  6.77281902  6.77281902  6.77281902  6.77281902
   6.77281902  3.66560426  6.77281902  6.77281902  4.94870464  1.3350124
   1.43035447  1.41378614  3.29379721  1.16011855  6.77281902  3.21303927
   2.13875992  1.74050604  0.45091689  1.86880307  1.19225004  6.77281902
   0.91423311  2.42841854  6.77281902  6.77281902  3.56191908  3.63040259
   6.77281902  4.91406109  5.40510722  6.77281902  0.43342772  6.77281902
   6.77281902  3.19588137  6.77281902  6.77281902  6.77281902  3.64241115
   0.35164058  2.85969088  1.2765402   1.01475789  6.77281902  6.77281902
   1.63172974  2.8252736   6.77281902  0.94386568  3.27401299  6.77281902
   6.77281902  6.77281902  1.50452079  2.89838449  6.77281902  5.53121904
   6.77281902  6.77281902  6.77281902  3.30766255  3.6621479   6.77281902
   1.09864312  4.75236041  0.89215723  6.77281902  6.77281902  6.77281902
   5.89799463  6.77281902  6.77281902  0.51747079  6.77281902  6.77281902
   6.77281902  2.04673741  0.23757138  6.77281902  4.88039836  0.80847023
   6.77281902  6.05574165  6.77281902  0.81191025  6.77281902  6.77281902
   1.62827633  1.46349291  6.77281902  4.8372758   3.17896414  6.77281902
   1.11725361  6.77281902  6.77281902  6.77281902  6.77281902  3.36629607
   4.02864563  6.77281902  6.77281902  6.77281902  5.30144197  4.66681806
   1.20673727  1.38217972  6.77281902  6.77281902  6.77281902  6.77281902
   1.18365505  2.70539342  2.62797964  6.77281902  6.77281902  6.77281902
   1.86165599  0.73006519  4.60292745  2.95663999  6.77281902  6.77281902
   3.05732194  6.77281902  6.77281902  6.77281902  1.82677963  6.77281902
   2.1123585   6.77281902  6.77281902  6.77281902  6.77281902  6.77281902
   0.99307141  2.79935231  3.11673567  6.77281902  3.42781774  0.29329639
   6.77281902  0.61825297  6.77281902  6.77281902  3.84869263  6.77281902
   0.13207501  0.50721909  6.77281902  0.6116768   6.77281902  0.01531548
   6.77281902  6.77281902  6.22979039  4.62425101  3.77138537  6.77281902
   6.77281902  6.77281902  5.4451333   6.77281902  6.77281902  0.6975129
   3.21742072  0.64914115  1.67744924  1.89510714  2.01680341  6.77281902
   2.00786592  6.77281902  0.60008179  6.77281902  6.26497974  0.96323505
   0.73733137  6.77281902  6.77281902  6.77281902  6.77281902  6.77281902
   4.95301758  1.06113703  0.30797723  5.20453375  6.77281902  5.87953022
   6.77281902  0.76858428  6.77281902  6.77281902  0.32624246  6.77281902
   2.89401415  3.10926399  0.46145718  6.77281902  3.48622081  0.73446485
   5.64397911  6.77281902  0.42719392  6.77281902  6.77281902  3.23803096
   0.50274868  6.77281902  3.84794045  0.60960406  6.77281902  6.77281902
   2.13423627  1.95810286  6.77281902  6.77281902  3.608577    3.29805576
   6.77281902  2.66759302  2.57624253  4.71840909  6.77281902  2.331384
   6.77281902  6.77281902  1.74642296  6.77281902  6.77281902  2.01309985
   0.43868729  6.77281902  0.81904254  4.26033717  6.77281902  5.2796053
   0.75038028  6.77281902  6.77281902  5.96658915  5.90451872  6.77281902
   3.25003661  1.80565575  1.84879198  0.54524843  6.77281902 -3.28477973
  -0.35320495 -6.77281902 -0.23596814 -3.26445787 -6.77281902 -0.64834356
  -6.77281902 -3.22306766 -0.74209575 -4.89654814 -0.73058819 -0.40034373
  -6.77281902 -2.3341751  -0.92770389 -6.77281902 -6.77281902 -0.66240867
  -6.77281902 -0.16692343 -6.77281902 -6.77281902 -6.77281902 -6.77281902
  -1.27974251 -6.77281902 -1.83831519 -6.77281902 -0.73986183 -3.05468964
  -6.77281902 -0.6085991  -6.05864463 -3.21497183 -6.77281902 -2.1292515
  -6.25673239 -2.99572666 -6.77281902 -3.20185301 -6.77281902 -6.249538
  -6.77281902 -6.77281902 -1.05961807 -6.77281902 -6.77281902 -6.77281902
  -6.76614893 -1.01126561 -4.66768522 -5.9003723  -2.82590264 -6.77281902
  -3.20117982 -6.77281902 -6.77281902 -6.77281902 -3.52393253 -3.91581237
  -6.77281902 -4.85130705 -6.77281902 -6.77281902 -2.04490784 -6.77281902
  -0.62232748 -5.44908663 -0.31187037 -6.77281902 -2.69381253 -4.88000206
  -6.77281902 -5.5337373  -3.31888404 -0.28539582 -0.44233418 -6.77281902
  -6.77281902 -6.77281902 -2.59531555 -6.77281902 -6.77281902 -6.77281902
  -6.77281902 -6.77281902 -6.77281902 -6.77281902 -6.77281902 -6.77281902
  -6.77281902 -1.11800877 -1.46784967 -6.77281902 -5.31418484 -1.96798122
  -6.77281902 -6.77281902 -6.77281902 -2.12027052 -6.77281902 -6.77281902
  -6.77281902 -6.77281902 -6.77281902 -3.20290708 -6.77281902 -6.77281902
  -6.77281902 -6.77281902 -6.77281902 -6.77281902 -1.19126636 -2.59081305
  -6.77281902 -4.2539683  -6.77281902 -1.09796019 -3.26764026 -0.47088
  -2.1605831  -4.37307918 -6.77281902 -2.8958643  -1.36980393 -5.30473239
  -6.77281902 -0.74578682 -6.77281902 -6.77281902 -1.16384793 -6.77281902
  -5.90684802 -6.77281902 -1.36855245 -6.77281902 -6.77281902 -4.92821492
  -0.00785772 -6.77281902 -6.77281902 -6.77281902 -0.91287806 -5.27631914
  -2.01499051 -5.2803741  -1.73435336 -6.77281902 -6.77281902 -6.77281902
  -1.74866135 -3.63261519 -2.1665911  -6.77281902 -3.30617895 -3.63077085
  -0.9654934  -6.77281902 -6.77281902 -6.77281902 -6.77281902 -0.79320809
  -6.77281902 -6.77281902 -6.77281902 -6.77281902 -3.58599325 -1.64834263
  -6.77281902 -2.10384692 -4.04138229 -2.79767329 -1.86404528 -6.77281902
  -1.82918726 -2.89423724 -6.77281902 -1.67927151 -1.18484209 -6.77281902
  -2.03826242 -0.54152104 -4.92401594 -6.77281902 -1.90938675 -6.77281902
  -4.97050337 -3.41894571 -1.71322208 -1.94545731 -6.77281902 -4.60970167
  -1.08821375 -6.77281902 -6.77281902 -6.77281902 -6.77281902 -2.06452616
  -6.77281902 -4.65712779 -6.77281902 -6.77281902 -6.77281902 -6.77281902
  -1.21475588 -1.51488176 -3.58844891 -1.85243877 -6.77281902 -6.77281902
  -3.05861189 -2.44551564 -3.11258048 -3.61232097 -6.77281902 -6.77281902
  -6.77281902 -3.28316428 -6.77281902 -4.63101347 -6.77281902 -4.82526152
  -5.65746367 -0.51518784 -6.77281902 -6.77281902 -6.77281902 -4.59059889
  -2.64457339 -6.77281902 -0.80577263 -2.85917021 -0.61134018 -3.56455024
  -0.42782717 -6.77281902 -6.77281902 -0.67509314 -2.70551209 -5.43047538
  -6.77281902 -6.77281902 -5.86575507 -5.90494882 -1.35058007 -2.57816399
  -2.30639233 -6.77281902 -1.63407256 -6.77281902 -6.77281902 -6.77281902
  -6.77281902 -1.43336026 -0.50219133 -6.77281902 -0.33021494 -1.46614711
  -0.76682243 -4.03806784 -6.77281902 -3.30134226 -1.24944708 -3.86854924
  -6.77281902 -6.77281902 -1.87112629 -1.51324532 -6.77281902 -3.37508077
  -0.99970939 -4.75299655 -6.77281902 -6.77281902 -0.80850177 -0.44918129
  -3.84646709 -0.88519888 -6.77281902 -6.77281902 -5.98080843 -3.66698107
  -6.77281902 -6.77281902 -6.77281902 -0.51153549 -1.86211795 -6.77281902
  -5.22593565 -3.81775511 -6.77281902 -2.10777782 -6.77281902 -0.42356923
  -6.77281902 -4.93370319 -6.77281902 -6.77281902]]


Scores for validation years:
		ESPN		LogLoss		Acc.
2018		1040		0.66			0.56
2019		530		0.67			0.51
